1.000000000000000000e+00 3.073431952662721756e+02 6.859848576730501372e+04
2.000000000000000000e+00 3.166829268292682968e+02 6.834294824509217869e+04
5.000000000000000000e+00 3.287025316455695929e+02 8.043518366447683366e+04
1.000000000000000000e+01 3.584827586206896513e+02 1.001728703923900030e+05
2.000000000000000000e+01 3.934848484848484986e+02 1.233242194674012717e+05
2.500000000000000000e+01 4.396186440677965948e+02 1.316136257540936640e+05
5.000000000000000000e+01 5.777777777777778283e+02 2.752839506172839319e+05
1.000000000000000000e+02 9.321428571428571104e+02 6.539668367346938467e+05
2.000000000000000000e+02 1.186363636363636260e+03 9.879958677685951116e+05
5.000000000000000000e+02 1.544117647058823422e+03 1.255406574394464027e+06
1.000000000000000000e+03 1.851851851851851961e+03 1.385459533607681049e+06
2.500000000000000000e+03 2.812500000000000000e+03 6.835937500000000000e+05
5.000000000000000000e+03 5.000000000000000000e+03 0.000000000000000000e+00
