1.000000000000000000e+00 2.678536915782343613e+02 6.878114635180453479e+04
2.000000000000000000e+00 2.690777954184622445e+02 6.918917448767778114e+04
5.000000000000000000e+00 2.729130234698573645e+02 7.033774070935795316e+04
1.000000000000000000e+01 2.794555738864011118e+02 7.283569228745657892e+04
2.000000000000000000e+01 2.927438873795999257e+02 7.792838118330764701e+04
2.500000000000000000e+01 2.985212685627988662e+02 7.914502578726552019e+04
5.000000000000000000e+01 3.321689113355780023e+02 9.266114879780578485e+04
1.000000000000000000e+02 4.064106959204662530e+02 1.237333287577264127e+05
2.000000000000000000e+02 5.945783132530120838e+02 2.214967097304886265e+05
5.000000000000000000e+02 1.261351636747624070e+03 1.011156779202707577e+06
1.000000000000000000e+03 2.710176991150442518e+03 4.626179614691833034e+06
2.500000000000000000e+03 7.064606741573034014e+03 3.242981473298822716e+07
5.000000000000000000e+03 1.411111111111111131e+04 1.053209876543209851e+08
