1.000000000000000000e+00 1.712447963800905193e-01 2.931857582133869794e-02
2.000000000000000000e+00 1.720118181818182101e-01 2.942013622396696601e-02
5.000000000000000000e+00 1.745378054402950685e-01 2.969989587365321274e-02
1.000000000000000000e+01 1.788993859234766226e-01 3.048839658441255748e-02
2.000000000000000000e+01 1.875891089108911169e-01 3.206191037643298797e-02
2.500000000000000000e+01 1.910128657921291717e-01 3.257106668613690692e-02
5.000000000000000000e+01 2.136747326955542869e-01 3.618610241727476112e-02
1.000000000000000000e+02 2.603572655444864603e-01 4.284617947228896301e-02
2.000000000000000000e+02 3.830559757942512134e-01 7.111985919651381272e-02
5.000000000000000000e+02 7.924628450106157018e-01 2.151555055197212074e-01
1.000000000000000000e+03 1.597315436241610653e+00 1.059321652177829476e+00
2.500000000000000000e+03 3.893678160919540332e+00 5.133810609063280239e+00
5.000000000000000000e+03 7.443181818181818343e+00 1.704222623966940731e+01
