1.000000000000000000e+00 3.073431952662721844e-01 6.859848576730508130e-02
2.000000000000000000e+00 3.166829268292682964e-01 6.834294824509221100e-02
5.000000000000000000e+00 3.287025316455695623e-01 8.043518366447684198e-02
1.000000000000000000e+01 3.584827586206896233e-01 1.001728703923900204e-01
2.000000000000000000e+01 3.934848484848485484e-01 1.233242194674012276e-01
2.500000000000000000e+01 4.396186440677965490e-01 1.316136257540936327e-01
5.000000000000000000e+01 5.777777777777777235e-01 2.752839506172840567e-01
1.000000000000000000e+02 9.321428571428571619e-01 6.539668367346942457e-01
2.000000000000000000e+02 1.186363636363636509e+00 9.879958677685951596e-01
5.000000000000000000e+02 1.544117647058823595e+00 1.255406574394464014e+00
1.000000000000000000e+03 1.851851851851851860e+00 1.385459533607681371e+00
2.500000000000000000e+03 2.812500000000000000e+00 6.835937500000000000e-01
5.000000000000000000e+03 5.000000000000000000e+00 0.000000000000000000e+00
