1.000000000000000000e+00 2.678536915782343542e-01 6.878114635180429537e-02
2.000000000000000000e+00 2.690777954184622178e-01 6.918917448767808454e-02
5.000000000000000000e+00 2.729130234698573521e-01 7.033774070935885914e-02
1.000000000000000000e+01 2.794555738864011318e-01 7.283569228745591373e-02
2.000000000000000000e+01 2.927438873795999430e-01 7.792838118330597252e-02
2.500000000000000000e+01 2.985212685627989249e-01 7.914502578726526072e-02
5.000000000000000000e+01 3.321689113355779654e-01 9.266114879780398828e-02
1.000000000000000000e+02 4.064106959204662473e-01 1.237333287577285085e-01
2.000000000000000000e+02 5.945783132530121362e-01 2.214967097304842425e-01
5.000000000000000000e+02 1.261351636747624072e+00 1.011156779202703637e+00
1.000000000000000000e+03 2.710176991150442305e+00 4.626179614691854347e+00
2.500000000000000000e+03 7.064606741573033588e+00 3.242981473298830508e+01
5.000000000000000000e+03 1.411111111111111072e+01 1.053209876543209873e+02
