1.000000000000000000e+00 2.572151898734176614e-02 6.295047268066023384e-04
2.000000000000000000e+00 2.666666666666666838e-02 6.550065359477125031e-04
5.000000000000000000e+00 2.791095890410958888e-02 6.362180990805028349e-04
1.000000000000000000e+01 3.106870229007633807e-02 6.583998601480097260e-04
2.000000000000000000e+01 3.582608695652172992e-02 6.017088846880898822e-04
2.500000000000000000e+01 4.093137254901962202e-02 6.836913687043445591e-04
5.000000000000000000e+01 5.882352941176469119e-02 5.839100346020760718e-04
1.000000000000000000e+02 1.156250000000000056e-01 1.318359375000000087e-03
2.000000000000000000e+02 2.000000000000000111e-01 0.000000000000000000e+00
5.000000000000000000e+02 5.500000000000000444e-01 2.249999999999999917e-02
1.000000000000000000e+03 1.000000000000000000e+00 0.000000000000000000e+00
2.500000000000000000e+03 2.500000000000000000e+00 0.000000000000000000e+00
5.000000000000000000e+03 5.000000000000000000e+00 0.000000000000000000e+00
