1.000000000000000000e+00 1.712447963800904915e+02 2.931857582133871256e+04
2.000000000000000000e+00 1.720118181818181711e+02 2.942013622396696519e+04
5.000000000000000000e+00 1.745378054402950738e+02 2.969989587365340776e+04
1.000000000000000000e+01 1.788993859234766148e+02 3.048839658441258507e+04
2.000000000000000000e+01 1.875891089108910990e+02 3.206191037643399613e+04
2.500000000000000000e+01 1.910128657921291619e+02 3.257106668613686270e+04
5.000000000000000000e+01 2.136747326955542974e+02 3.618610241727514949e+04
1.000000000000000000e+02 2.603572655444864381e+02 4.284617947229030688e+04
2.000000000000000000e+02 3.830559757942511396e+02 7.111985919651272707e+04
5.000000000000000000e+02 7.924628450106157516e+02 2.151555055197187467e+05
1.000000000000000000e+03 1.597315436241610769e+03 1.059321652177827200e+06
2.500000000000000000e+03 3.893678160919540005e+03 5.133810609063291922e+06
5.000000000000000000e+03 7.443181818181818016e+03 1.704222623966940492e+07
