1.000000000000000000e+00 2.572151898734177067e+01 6.295047268066020933e+02
2.000000000000000000e+00 2.666666666666666785e+01 6.550065359477116544e+02
5.000000000000000000e+00 2.791095890410958802e+01 6.362180990805038618e+02
1.000000000000000000e+01 3.106870229007633455e+01 6.583998601480099069e+02
2.000000000000000000e+01 3.582608695652174191e+01 6.017088846880908477e+02
2.500000000000000000e+01 4.093137254901960631e+01 6.836913687043455639e+02
5.000000000000000000e+01 5.882352941176470296e+01 5.839100346020773031e+02
1.000000000000000000e+02 1.156250000000000000e+02 1.318359375000000000e+03
2.000000000000000000e+02 2.000000000000000000e+02 0.000000000000000000e+00
5.000000000000000000e+02 5.500000000000000000e+02 2.250000000000000000e+04
1.000000000000000000e+03 1.000000000000000000e+03 0.000000000000000000e+00
2.500000000000000000e+03 2.500000000000000000e+03 0.000000000000000000e+00
5.000000000000000000e+03 5.000000000000000000e+03 0.000000000000000000e+00
