1.000000000000000021e-03 3.901215665359548890e+00 3.998754389257356934e+01
2.000000000000000042e-03 3.879954116509449324e+00 3.956394205623301730e+01
5.000000000000000104e-03 3.817494918677770688e+00 3.656268281341407089e+01
1.000000000000000021e-02 3.756495913037550149e+00 3.384649231107695755e+01
2.000000000000000042e-02 3.597270587177447965e+00 2.771139760144600572e+01
2.500000000000000139e-02 3.498361337054140652e+00 2.710811571942191023e+01
5.000000000000000278e-02 3.104030621810687229e+00 1.777866671111333474e+01
1.000000000000000056e-01 2.560907764231354466e+00 9.697939490918788152e+00
2.000000000000000111e-01 1.837974432493336252e+00 5.001000200040008004e+00
5.000000000000000000e-01 7.901477240386978185e-01 2.001000500250125214e+00
1.000000000000000000e+00 4.088595637891412338e-01 1.001001001001001089e+00
2.500000000000000000e+00 1.604010025062656553e-01 4.010025062656641937e-01
5.000000000000000000e+00 6.755086909959634456e-02 nan
