1.000000000000000021e-03 3.253693315493391580e+00 3.887797219489161193e+01
2.000000000000000042e-03 3.157735751697550608e+00 3.750003750003750014e+01
5.000000000000000104e-03 3.042271974602627882e+00 3.582831042967178803e+01
1.000000000000000021e-02 2.789548384063583075e+00 3.218689312119779800e+01
2.000000000000000042e-02 2.541419330250291431e+00 2.791290048822818193e+01
2.500000000000000139e-02 2.274727229271088724e+00 2.443144311758987186e+01
5.000000000000000278e-02 1.730812501081758104e+00 1.700042501062526412e+01
1.000000000000000056e-01 1.072850577394770077e+00 8.649081102703785717e+00
2.000000000000000111e-01 8.429961770123370890e-01 5.000500050004999864e+00
5.000000000000000000e-01 6.477809928672645379e-01 1.818636477301143417e+00
1.000000000000000000e+00 5.402701350675337411e-01 1.000500250125062607e+00
2.500000000000000000e+00 3.560005562508691268e-01 4.005006257822277815e-01
5.000000000000000000e+00 2.005012531328320691e-01 2.005012531328320691e-01
